1 1 1 1 1 1 1 1 1 1 1 1 1 1 1 1 1 1 1 1 1 1 1 1 1 1 1 1 1 1 1 1 1 1 1 1  
1 1 1 1 1 2 2 2 2 2 2 2 2 2 2 2 2 1 1 2 2 2 2 2 2 2 2 2 2 2 2 1 1 1 1 1  
1 1 1 1 1 2 1 1 1 1 2 1 1 1 1 1 2 1 1 2 1 1 1 1 1 2 1 1 1 1 2 1 1 1 1 1  
1 1 1 1 1 3 1 1 1 1 2 1 1 1 1 1 2 1 1 2 1 1 1 1 1 2 1 1 1 1 3 1 1 1 1 1  
1 1 1 1 1 2 1 1 1 1 2 1 1 1 1 1 2 1 1 2 1 1 1 1 1 2 1 1 1 1 2 1 1 1 1 1  
1 1 1 1 1 2 2 2 2 2 2 2 2 2 2 2 2 2 2 2 2 2 2 2 2 2 2 2 2 2 2 1 1 1 1 1  
1 1 1 1 1 2 1 1 1 1 2 1 1 2 1 1 1 1 1 1 1 1 2 1 1 2 1 1 1 1 2 1 1 1 1 1  
1 1 1 1 1 2 1 1 1 1 2 1 1 2 1 1 1 1 1 1 1 1 2 1 1 2 1 1 1 1 2 1 1 1 1 1  
1 1 1 1 1 2 2 2 2 2 2 1 1 2 2 2 2 1 1 2 2 2 2 1 1 2 2 2 2 2 2 1 1 1 1 1  
1 1 1 1 1 1 1 1 1 1 2 1 1 1 1 1 0 1 1 0 1 1 1 1 1 2 1 1 1 1 1 1 1 1 1 1  
1 1 1 1 1 1 1 1 1 1 2 1 1 1 1 1 0 1 1 0 1 1 1 1 1 2 1 1 1 1 1 1 1 1 1 1  
1 1 1 1 1 1 1 1 1 1 2 1 1 0 0 0 0 0 0 0 0 0 0 1 1 2 1 1 1 1 1 1 1 1 1 1
1 1 1 1 1 1 1 1 1 1 2 1 1 0 1 1 1 4 4 1 1 1 0 1 1 2 1 1 1 1 1 1 1 1 1 1
1 1 1 1 1 1 1 1 1 1 2 1 1 0 1 1 0 0 0 0 1 1 0 1 1 2 1 1 1 1 1 1 1 1 1 1
1 0 0 0 1 1 1 1 1 1 2 0 0 0 1 1 6 7 8 9 1 1 0 0 0 2 1 1 1 1 1 1 0 0 0 1
1 1 1 1 1 1 1 1 1 1 2 1 1 0 1 1 1 1 1 1 1 1 0 1 1 2 1 1 1 1 1 1 1 1 1 1  
1 1 1 1 1 1 1 1 1 1 2 1 1 0 1 1 1 1 1 1 1 1 0 1 1 2 1 1 1 1 1 1 1 1 1 1  
1 1 1 1 1 1 1 1 1 1 2 1 1 0 0 0 0 5 0 0 0 0 0 1 1 2 1 1 1 1 1 1 1 1 1 1
1 1 1 1 1 1 1 1 1 1 2 1 1 0 1 1 1 1 1 1 1 1 0 1 1 2 1 1 1 1 1 1 1 1 1 1  
1 1 1 1 1 1 1 1 1 1 2 1 1 0 1 1 1 1 1 1 1 1 0 1 1 2 1 1 1 1 1 1 1 1 1 1  
1 1 1 1 1 2 2 2 2 2 2 2 2 2 2 2 2 1 1 2 2 2 2 2 2 2 2 2 2 2 2 1 1 1 1 1  
1 1 1 1 1 2 1 1 1 1 2 1 1 1 1 1 2 1 1 2 1 1 1 1 1 2 1 1 1 1 2 1 1 1 1 1  
1 1 1 1 1 2 1 1 1 1 2 1 1 1 1 1 2 1 1 2 1 1 1 1 1 2 1 1 1 1 2 1 1 1 1 1  
1 1 1 1 1 3 2 2 1 1 2 2 2 2 2 2 2 2 2 2 2 2 2 2 2 2 1 1 2 2 3 1 1 1 1 1  
1 1 1 1 1 1 1 2 1 1 2 1 1 2 1 1 1 1 1 1 1 1 2 1 1 2 1 1 2 1 1 1 1 1 1 1  
1 1 1 1 1 1 1 2 1 1 2 1 1 2 1 1 1 1 1 1 1 1 2 1 1 2 1 1 2 1 1 1 1 1 1 1  
1 1 1 1 1 2 2 2 2 2 2 1 1 2 2 2 2 1 1 2 2 2 2 1 1 2 2 2 2 2 2 1 1 1 1 1  
1 1 1 1 1 2 1 1 1 1 1 1 1 1 1 1 2 1 1 2 1 1 1 1 1 1 1 1 1 1 2 1 1 1 1 1  
1 1 1 1 1 2 1 1 1 1 1 1 1 1 1 1 2 1 1 2 1 1 1 1 1 1 1 1 1 1 2 1 1 1 1 1  
1 1 1 1 1 2 2 2 2 2 2 2 2 2 2 2 2 2 2 2 2 2 2 2 2 2 2 2 2 2 2 1 1 1 1 1  
1 1 1 1 1 1 1 1 1 1 1 1 1 1 1 1 1 1 1 1 1 1 1 1 1 1 1 1 1 1 1 1 1 1 1 1
